Power Level [kW],LeadTime_0,LeadTime_1,LeadTime_2,LeadTime_3,LeadTime_4,LeadTime_5,LeadTime_6,LeadTime_7,LeadTime_8,LeadTime_9,LeadTime_10,LeadTime_11,LeadTime_12,LeadTime_13,LeadTime_14,LeadTime_15,LeadTime_16,LeadTime_17,LeadTime_18,LeadTime_19,LeadTime_20,LeadTime_21,LeadTime_22,LeadTime_23,LeadTime_24,LeadTime_25,LeadTime_26,LeadTime_27,LeadTime_28,LeadTime_29,LeadTime_30,LeadTime_31,LeadTime_32,LeadTime_33,LeadTime_34,LeadTime_35,LeadTime_36,LeadTime_37,LeadTime_38,LeadTime_39,LeadTime_40,LeadTime_41,LeadTime_42,LeadTime_43,LeadTime_44,LeadTime_45,LeadTime_46,LeadTime_47,LeadTime_48,LeadTime_49,LeadTime_50,LeadTime_51,LeadTime_52,LeadTime_53,LeadTime_54,LeadTime_55,LeadTime_56,LeadTime_57,LeadTime_58,LeadTime_59,LeadTime_60,LeadTime_61,LeadTime_62,LeadTime_63,LeadTime_64,LeadTime_65,LeadTime_66,LeadTime_67,LeadTime_68,LeadTime_69,LeadTime_70,LeadTime_71,LeadTime_72,LeadTime_73,LeadTime_74,LeadTime_75,LeadTime_76,LeadTime_77,LeadTime_78,LeadTime_79,LeadTime_80,LeadTime_81,LeadTime_82,LeadTime_83,LeadTime_84,LeadTime_85,LeadTime_86,LeadTime_87,LeadTime_88,LeadTime_89,LeadTime_90,LeadTime_91,LeadTime_92,LeadTime_93,LeadTime_94,LeadTime_95
0.0,1.25,1.25,1.75,1.75,2.0,2.0,2.0,2.0,1.75,1.75,1.5,1.5,1.25,1.0,1.0,1.0,1.0,1.0,1.0,1.25,1.25,1.5,1.5,1.5,1.5,1.5,1.5,1.5,1.5,1.25,1.25,1.25,1.25,1.25,1.25,1.5,1.75,1.75,2.0,2.25,2.5,2.75,3.0,3.0,3.25,3.0,3.0,3.0,3.0,3.0,2.75,2.75,2.75,2.5,2.5,2.25,2.25,2.0,1.75,1.5,1.5,1.25,1.0,0.75,0.75,0.75,0.75,1.0,1.25,1.25,1.5,1.5,1.75,1.75,2.0,2.0,1.75,1.75,1.75,1.5,1.5,1.25,1.25,1.25,1.25,1.25,1.25,1.25,1.25,1.5,1.5,1.5,1.5,1.5,1.5,1.5
0.02,1.25,1.5,1.75,2.0,2.0,2.25,2.25,2.0,2.0,1.75,1.5,1.5,1.25,1.25,1.0,1.0,1.0,1.0,1.25,1.25,1.5,1.5,1.5,1.5,1.5,1.5,1.5,1.5,1.5,1.5,1.25,1.25,1.25,1.25,1.5,1.5,1.75,2.0,2.25,2.75,3.0,3.25,3.5,3.5,3.5,3.5,3.25,3.25,3.25,3.0,3.0,3.0,2.75,2.75,2.5,2.5,2.25,2.0,1.75,1.75,1.5,1.25,1.0,1.0,0.75,0.75,0.75,1.0,1.25,1.5,1.5,1.75,1.75,2.0,2.0,2.0,2.0,1.75,1.75,1.5,1.5,1.25,1.25,1.25,1.25,1.25,1.25,1.25,1.5,1.5,1.5,1.5,1.5,1.5,1.5,1.5
0.04,1.25,1.5,1.75,2.0,2.25,2.25,2.25,2.0,2.0,1.75,1.75,1.5,1.25,1.25,1.0,1.0,1.0,1.25,1.25,1.25,1.5,1.5,1.5,1.5,1.5,1.5,1.5,1.5,1.5,1.5,1.5,1.25,1.25,1.25,1.5,1.75,1.75,2.25,2.75,3.5,3.75,3.75,3.75,4.0,4.0,3.75,3.75,3.5,3.5,3.25,3.25,3.0,3.0,2.75,2.75,2.5,2.25,2.25,2.0,1.75,1.5,1.25,1.25,1.0,0.75,0.75,0.75,1.0,1.25,1.5,1.5,1.75,1.75,2.0,2.0,2.0,2.0,2.0,1.75,1.75,1.5,1.5,1.25,1.25,1.25,1.25,1.25,1.25,1.5,1.5,1.75,1.75,1.75,1.75,1.5,1.5
0.06,1.5,1.5,2.0,2.0,2.25,2.5,2.25,2.25,2.0,2.0,1.75,1.5,1.5,1.25,1.25,1.0,1.0,1.25,1.25,1.5,1.5,1.5,1.5,1.5,1.75,1.5,1.5,1.75,1.5,1.5,1.5,1.5,1.5,1.5,1.5,1.75,2.0,2.75,3.75,4.25,4.25,4.5,4.5,4.25,4.25,4.25,4.0,4.0,3.75,3.5,3.5,3.25,3.25,3.0,3.0,2.75,2.5,2.25,2.0,1.75,1.5,1.5,1.25,1.0,0.75,0.75,1.0,1.0,1.25,1.5,1.75,1.75,2.0,2.0,2.25,2.25,2.25,2.0,2.0,1.75,1.75,1.5,1.5,1.25,1.25,1.5,1.25,1.5,1.5,1.75,1.75,1.75,1.75,1.75,1.75,1.75
0.08,1.5,1.5,2.0,2.25,2.5,2.5,2.5,2.5,2.25,2.0,1.75,1.75,1.5,1.25,1.25,1.25,1.25,1.25,1.25,1.5,1.5,1.75,1.75,1.75,1.75,1.75,1.75,1.75,1.75,1.75,1.5,1.5,1.5,1.5,1.75,2.0,2.5,4.0,4.75,5.0,5.0,5.0,4.75,4.75,4.75,4.5,4.25,4.25,4.0,3.75,3.75,3.5,3.5,3.25,3.0,3.0,2.75,2.5,2.25,2.0,1.75,1.5,1.25,1.0,1.0,0.75,1.0,1.25,1.25,1.5,1.75,2.0,2.25,2.25,2.5,2.5,2.25,2.25,2.0,2.0,1.75,1.5,1.5,1.5,1.5,1.5,1.5,1.5,1.5,1.75,1.75,1.75,1.75,1.75,1.75,1.75
0.1,1.5,1.75,2.25,2.5,2.5,2.75,2.75,2.5,2.25,2.25,2.0,1.75,1.5,1.5,1.25,1.25,1.25,1.25,1.5,1.5,1.75,1.75,1.75,1.75,1.75,1.75,1.75,2.0,1.75,1.75,1.75,1.75,1.75,1.75,2.0,2.25,3.75,5.0,5.5,5.5,5.5,5.5,5.25,5.25,5.0,4.75,4.75,4.5,4.25,4.25,4.0,3.75,3.75,3.5,3.25,3.0,3.0,2.75,2.5,2.25,1.75,1.5,1.25,1.0,1.0,1.0,1.0,1.25,1.5,1.75,2.0,2.25,2.25,2.5,2.5,2.5,2.5,2.25,2.25,2.0,2.0,1.75,1.5,1.5,1.5,1.5,1.5,1.5,1.75,2.0,2.0,2.0,2.0,2.0,2.0,2.0
0.12,1.75,2.0,2.25,2.5,2.75,3.0,3.0,2.75,2.5,2.25,2.25,2.0,1.75,1.5,1.5,1.25,1.25,1.5,1.5,1.75,1.75,2.0,2.0,2.0,2.0,2.0,2.0,2.0,2.0,2.0,2.0,1.75,1.75,1.75,2.25,2.75,5.5,6.0,6.25,6.0,6.0,6.0,5.75,5.5,5.5,5.25,5.0,4.75,4.75,4.5,4.25,4.0,4.0,3.75,3.5,3.25,3.0,2.75,2.5,2.25,2.0,1.75,1.5,1.25,1.0,1.0,1.0,1.25,1.5,2.0,2.25,2.25,2.5,2.75,2.75,2.75,2.75,2.5,2.5,2.25,2.0,1.75,1.75,1.75,1.75,1.75,1.75,1.75,2.0,2.0,2.25,2.25,2.25,2.0,2.0,2.0
0.14,1.75,2.0,2.5,2.75,3.0,3.25,3.25,3.0,2.75,2.5,2.25,2.0,1.75,1.75,1.5,1.5,1.5,1.5,1.75,1.75,2.0,2.0,2.0,2.0,2.0,2.0,2.0,2.25,2.25,2.25,2.0,2.0,2.0,2.0,2.5,6.25,6.5,6.75,6.75,6.75,6.5,6.5,6.25,6.0,6.0,5.75,5.5,5.25,5.0,4.75,4.5,4.5,4.25,4.0,3.75,3.5,3.25,3.0,2.75,2.5,2.25,2.0,1.5,1.25,1.25,1.0,1.25,1.5,1.75,2.0,2.25,2.5,2.75,3.0,3.0,3.0,3.0,2.75,2.5,2.5,2.25,2.0,2.0,1.75,1.75,1.75,1.75,2.0,2.0,2.25,2.25,2.25,2.25,2.25,2.25,2.25
0.16,2.0,2.25,2.75,3.0,3.25,3.5,3.5,3.25,3.0,2.75,2.5,2.25,2.0,1.75,1.75,1.5,1.5,1.75,1.75,2.0,2.0,2.25,2.25,2.25,2.25,2.25,2.25,2.5,2.5,2.5,2.25,2.25,2.25,2.5,6.75,7.0,7.25,7.25,7.25,7.25,7.0,7.0,6.75,6.5,6.5,6.0,6.0,5.75,5.5,5.25,5.0,4.75,4.5,4.5,4.25,4.0,3.75,3.25,3.0,2.75,2.5,2.0,1.75,1.5,1.25,1.25,1.25,1.5,2.0,2.25,2.5,2.75,3.0,3.25,3.25,3.25,3.25,3.0,2.75,2.75,2.5,2.25,2.0,2.0,2.0,2.0,2.0,2.0,2.25,2.25,2.5,2.5,2.5,2.5,2.5,2.5
0.18,2.25,2.5,3.0,3.25,3.5,3.75,3.75,3.5,3.25,3.0,2.75,2.5,2.25,2.0,1.75,1.75,1.75,1.75,2.0,2.0,2.25,2.25,2.25,2.5,2.5,2.5,2.75,2.75,2.75,2.75,2.75,2.75,2.75,7.5,7.75,7.75,8.0,8.0,8.0,8.0,7.75,7.5,7.5,7.25,7.0,6.75,6.5,6.25,6.0,5.75,5.5,5.25,5.0,4.75,4.5,4.25,4.0,3.75,3.25,3.0,2.5,2.25,2.0,1.5,1.5,1.25,1.5,1.75,2.25,2.5,2.75,3.25,3.25,3.5,3.75,3.75,3.5,3.25,3.25,3.0,2.75,2.5,2.25,2.25,2.25,2.25,2.25,2.25,2.5,2.5,2.75,2.75,2.75,2.75,2.75,2.75
0.2,2.5,2.75,3.25,3.5,3.75,4.0,4.0,3.75,3.5,3.25,3.0,2.75,2.5,2.25,2.0,1.75,1.75,2.0,2.0,2.25,2.5,2.5,2.5,2.5,2.75,2.75,3.0,3.25,3.25,3.25,3.25,8.5,8.25,8.25,8.5,8.5,8.75,8.75,8.75,8.75,8.5,8.25,8.25,8.0,7.75,7.5,7.25,6.75,6.5,6.25,6.0,5.75,5.5,5.25,5.0,4.75,4.5,4.0,3.75,3.25,3.0,2.5,2.25,1.75,1.5,1.5,1.5,2.0,2.5,2.75,3.25,3.5,3.75,4.0,4.0,4.0,4.0,3.75,3.5,3.25,3.0,2.75,2.5,2.5,2.5,2.5,2.5,2.5,2.75,2.75,3.0,3.0,3.0,3.0,3.0,3.0
0.22,2.75,3.0,3.5,4.0,4.25,4.5,4.5,4.25,3.75,3.5,3.25,3.0,2.75,2.5,2.25,2.0,2.0,2.25,2.25,2.5,2.75,2.75,2.75,3.0,3.25,3.25,3.5,4.0,9.75,9.5,9.5,9.25,9.25,9.25,9.25,9.5,9.5,9.75,9.75,9.75,9.5,9.25,9.0,9.0,8.75,8.25,8.0,7.75,7.5,7.0,6.75,6.5,6.25,6.0,5.75,5.25,5.0,4.5,4.0,3.75,3.25,2.75,2.5,2.0,1.75,1.75,1.75,2.25,2.75,3.25,3.75,4.0,4.25,4.25,4.5,4.5,4.25,4.0,3.75,3.75,3.25,3.0,2.75,2.75,2.75,2.75,2.75,2.75,3.0,3.25,3.25,3.25,3.25,3.25,3.25,3.25
0.24,3.0,3.25,4.0,4.25,4.75,5.0,4.75,4.5,4.25,4.0,3.75,3.25,3.0,2.75,2.5,2.25,2.25,2.5,2.5,2.75,3.0,3.0,3.25,3.5,3.75,4.0,11.0,11.0,11.0,10.75,10.5,10.5,10.5,10.25,10.5,10.75,11.0,11.25,11.25,11.0,11.0,10.75,10.5,10.25,10.0,9.5,9.25,8.75,8.5,8.25,7.75,7.5,7.25,6.75,6.5,6.25,5.75,5.25,4.75,4.25,3.75,3.25,2.75,2.25,2.0,2.0,2.0,2.5,3.25,3.75,4.25,4.5,4.75,5.0,5.0,5.0,5.0,4.5,4.25,4.0,3.75,3.5,3.25,3.0,3.0,3.0,3.0,3.0,3.25,3.5,3.75,3.75,3.75,3.5,3.5,3.5
0.26,3.25,3.75,4.5,4.75,5.25,5.5,5.5,5.0,4.75,4.5,4.0,3.75,3.25,3.0,2.75,2.5,2.5,2.75,2.75,3.0,3.25,3.5,3.75,4.25,12.25,12.25,12.5,12.75,12.75,12.5,12.25,12.25,12.0,12.0,12.25,12.5,12.75,13.0,13.0,12.75,12.5,12.25,12.0,11.75,11.25,11.0,10.5,10.25,9.75,9.5,9.0,8.75,8.5,8.0,7.75,7.25,6.75,6.25,5.5,5.0,4.25,3.75,3.25,2.75,2.25,2.25,2.5,3.0,3.75,4.25,4.75,5.25,5.5,5.5,5.75,5.75,5.5,5.25,5.0,4.5,4.25,4.0,3.75,3.5,3.5,3.5,3.5,3.5,3.75,4.0,4.25,4.25,4.25,4.0,4.0,4.0
0.28,3.75,4.25,5.0,5.5,6.0,6.25,6.0,5.75,5.25,5.0,4.5,4.25,3.75,3.25,3.0,3.0,3.0,3.0,3.25,3.5,4.0,4.25,14.0,14.25,14.5,14.75,15.0,15.0,15.0,14.75,14.5,14.5,14.25,14.25,14.5,14.75,15.0,15.0,15.0,14.75,14.5,14.25,14.0,13.5,13.25,12.75,12.25,12.0,11.5,11.0,10.75,10.25,9.75,9.5,9.0,8.5,8.0,7.5,6.75,6.0,5.25,4.5,3.75,3.25,2.75,2.75,3.0,3.75,4.5,5.25,5.75,6.0,6.25,6.5,6.75,6.75,6.5,6.0,5.75,5.25,5.0,4.5,4.25,4.0,4.0,4.0,4.0,4.0,4.25,4.5,4.75,4.75,4.5,4.5,4.25,4.25
0.3,4.5,4.75,5.75,6.25,6.75,7.0,7.0,6.5,6.0,5.5,5.25,4.75,4.25,3.75,3.5,3.25,3.25,3.5,3.5,4.0,16.75,17.0,17.25,17.5,17.75,17.75,18.0,18.0,18.0,17.75,17.5,17.25,17.0,16.75,17.0,17.25,17.25,17.25,17.25,17.0,16.75,16.5,16.0,15.75,15.25,14.75,14.25,14.0,13.5,13.0,12.5,12.0,11.75,11.25,10.75,10.25,9.75,9.0,8.25,7.5,6.5,5.75,5.0,4.0,3.5,3.25,3.75,4.5,5.5,6.25,6.75,7.25,7.5,7.75,7.75,7.75,7.5,7.0,6.75,6.25,5.75,5.25,5.0,4.75,4.75,4.75,4.5,4.75,5.0,5.25,5.25,5.25,5.25,5.0,5.0,5.0
0.32,5.25,5.75,6.75,7.25,8.0,23.5,23.5,23.0,22.25,7.0,6.0,5.5,4.75,4.5,4.0,3.75,3.75,4.0,4.5,20.0,20.5,20.75,20.75,21.0,21.0,21.0,21.0,21.0,21.0,20.5,20.25,20.0,19.75,19.75,19.75,20.0,20.0,20.0,20.0,19.75,19.25,19.0,18.5,18.25,17.75,17.25,16.75,16.25,15.75,15.25,14.75,14.25,13.75,13.25,12.75,12.25,11.5,10.75,10.0,9.25,8.5,7.5,6.5,5.5,4.75,4.5,5.0,6.0,7.0,7.75,8.25,8.5,8.75,8.75,9.0,9.0,8.75,8.25,7.75,7.5,7.0,6.25,6.0,5.75,5.75,5.5,5.5,5.5,5.75,6.0,6.0,6.0,6.0,5.75,5.75,5.5
0.34,6.5,7.0,8.0,24.0,24.0,24.0,24.0,24.0,24.0,24.0,24.0,24.0,24.0,5.25,4.75,4.5,4.5,23.5,23.5,23.5,23.5,24.0,24.0,24.0,24.0,24.0,24.0,24.0,23.5,23.5,23.5,23.25,23.0,22.75,23.0,23.0,23.0,23.0,22.75,22.5,22.0,21.75,21.25,21.0,20.5,19.75,19.25,18.75,18.25,17.75,17.25,16.75,16.25,15.75,15.25,14.5,13.75,13.0,12.25,11.5,10.5,9.5,8.75,7.75,7.0,6.75,7.25,8.0,8.5,9.25,9.75,10.0,10.25,10.5,10.5,10.5,10.0,9.5,9.0,8.75,8.25,7.5,7.25,7.0,6.75,6.75,6.5,6.5,6.75,7.0,7.25,7.25,7.0,6.75,6.75,6.5
0.36,8.0,8.5,24.0,24.0,24.0,24.0,24.0,24.0,24.0,24.0,24.0,24.0,24.0,24.0,24.0,24.0,24.0,24.0,24.0,24.0,24.0,24.0,24.0,24.0,24.0,24.0,24.0,24.0,24.0,24.0,24.0,24.0,24.0,24.0,24.0,24.0,24.0,24.0,24.0,24.0,24.0,24.0,24.0,24.0,24.0,24.0,24.0,24.0,24.0,21.0,20.0,19.5,19.0,18.5,18.0,17.25,16.5,15.75,14.75,14.0,13.0,12.25,11.25,10.25,9.25,9.0,9.25,10.0,10.75,11.25,11.75,12.0,12.25,12.25,12.5,12.25,12.0,11.25,10.75,10.25,9.75,9.0,8.5,8.25,8.25,8.0,7.75,7.75,8.0,8.25,8.5,8.5,8.25,8.0,8.0,7.75
0.38,24.0,24.0,24.0,24.0,24.0,24.0,24.0,24.0,24.0,24.0,24.0,24.0,24.0,24.0,24.0,24.0,24.0,24.0,24.0,24.0,24.0,24.0,24.0,24.0,24.0,24.0,24.0,24.0,24.0,24.0,24.0,24.0,24.0,24.0,24.0,24.0,24.0,24.0,24.0,24.0,24.0,24.0,24.0,24.0,24.0,24.0,24.0,24.0,24.0,24.0,24.0,24.0,24.0,24.0,24.0,24.0,24.0,24.0,17.75,17.0,16.0,15.25,14.25,13.25,12.25,12.0,12.25,12.75,13.25,14.0,14.25,14.5,14.5,15.25,24.0,24.0,24.0,13.5,13.0,12.25,11.75,11.0,10.5,10.25,10.0,9.75,9.5,9.5,9.75,9.75,10.0,10.0,9.75,9.5,9.25,9.25
0.4,24.0,24.0,24.0,24.0,24.0,24.0,24.0,24.0,24.0,24.0,24.0,24.0,24.0,24.0,24.0,24.0,24.0,24.0,24.0,24.0,24.0,24.0,24.0,24.0,24.0,24.0,24.0,24.0,24.0,24.0,24.0,24.0,24.0,24.0,24.0,24.0,24.0,24.0,24.0,24.0,24.0,24.0,24.0,24.0,24.0,24.0,24.0,24.0,24.0,24.0,24.0,24.0,24.0,24.0,24.0,24.0,24.0,24.0,24.0,24.0,24.0,24.0,24.0,16.5,15.75,15.5,15.5,16.0,24.0,24.0,24.0,24.0,24.0,24.0,24.0,24.0,24.0,24.0,24.0,24.0,24.0,24.0,24.0,24.0,24.0,24.0,24.0,24.0,24.0,24.0,24.0,24.0,24.0,24.0,24.0,24.0
0.42,24.0,24.0,24.0,24.0,24.0,24.0,24.0,24.0,24.0,24.0,24.0,24.0,24.0,24.0,24.0,24.0,24.0,24.0,24.0,24.0,24.0,24.0,24.0,24.0,24.0,24.0,24.0,24.0,24.0,24.0,24.0,24.0,24.0,24.0,24.0,24.0,24.0,24.0,24.0,24.0,24.0,24.0,24.0,24.0,24.0,24.0,24.0,24.0,24.0,24.0,24.0,24.0,24.0,24.0,24.0,24.0,24.0,24.0,24.0,24.0,24.0,24.0,24.0,24.0,24.0,24.0,24.0,24.0,24.0,24.0,24.0,24.0,24.0,24.0,24.0,24.0,24.0,24.0,24.0,24.0,24.0,24.0,24.0,24.0,24.0,24.0,24.0,24.0,24.0,24.0,24.0,24.0,24.0,24.0,24.0,24.0
0.44,24.0,24.0,24.0,24.0,24.0,24.0,24.0,24.0,24.0,24.0,24.0,24.0,24.0,24.0,24.0,24.0,24.0,24.0,24.0,24.0,24.0,24.0,24.0,24.0,24.0,24.0,24.0,24.0,24.0,24.0,24.0,24.0,24.0,24.0,24.0,24.0,24.0,24.0,24.0,24.0,24.0,24.0,24.0,24.0,24.0,24.0,24.0,24.0,24.0,24.0,24.0,24.0,24.0,24.0,24.0,24.0,24.0,24.0,24.0,24.0,24.0,24.0,24.0,24.0,24.0,24.0,24.0,24.0,24.0,24.0,24.0,24.0,24.0,24.0,24.0,24.0,24.0,24.0,24.0,24.0,24.0,24.0,24.0,24.0,24.0,24.0,24.0,24.0,24.0,24.0,24.0,24.0,24.0,24.0,24.0,24.0
0.46,24.0,24.0,24.0,24.0,24.0,24.0,24.0,24.0,24.0,24.0,24.0,24.0,24.0,24.0,24.0,24.0,24.0,24.0,24.0,24.0,24.0,24.0,24.0,24.0,24.0,24.0,24.0,24.0,24.0,24.0,24.0,24.0,24.0,24.0,24.0,24.0,24.0,24.0,24.0,24.0,24.0,24.0,24.0,24.0,24.0,24.0,24.0,24.0,24.0,24.0,24.0,24.0,24.0,24.0,24.0,24.0,24.0,24.0,24.0,24.0,24.0,24.0,24.0,24.0,24.0,24.0,24.0,24.0,24.0,24.0,24.0,24.0,24.0,24.0,24.0,24.0,24.0,24.0,24.0,24.0,24.0,24.0,24.0,24.0,24.0,24.0,24.0,24.0,24.0,24.0,24.0,24.0,24.0,24.0,24.0,24.0
0.48,24.0,24.0,24.0,24.0,24.0,24.0,24.0,24.0,24.0,24.0,24.0,24.0,24.0,24.0,24.0,24.0,24.0,24.0,24.0,24.0,24.0,24.0,24.0,24.0,24.0,24.0,24.0,24.0,24.0,24.0,24.0,24.0,24.0,24.0,24.0,24.0,24.0,24.0,24.0,24.0,24.0,24.0,24.0,24.0,24.0,24.0,24.0,24.0,24.0,24.0,24.0,24.0,24.0,24.0,24.0,24.0,24.0,24.0,24.0,24.0,24.0,24.0,24.0,24.0,24.0,24.0,24.0,24.0,24.0,24.0,24.0,24.0,24.0,24.0,24.0,24.0,24.0,24.0,24.0,24.0,24.0,24.0,24.0,24.0,24.0,24.0,24.0,24.0,24.0,24.0,24.0,24.0,24.0,24.0,24.0,24.0
0.5,24.0,24.0,24.0,24.0,24.0,24.0,24.0,24.0,24.0,24.0,24.0,24.0,24.0,24.0,24.0,24.0,24.0,24.0,24.0,24.0,24.0,24.0,24.0,24.0,24.0,24.0,24.0,24.0,24.0,24.0,24.0,24.0,24.0,24.0,24.0,24.0,24.0,24.0,24.0,24.0,24.0,24.0,24.0,24.0,24.0,24.0,24.0,24.0,24.0,24.0,24.0,24.0,24.0,24.0,24.0,24.0,24.0,24.0,24.0,24.0,24.0,24.0,24.0,24.0,24.0,24.0,24.0,24.0,24.0,24.0,24.0,24.0,24.0,24.0,24.0,24.0,24.0,24.0,24.0,24.0,24.0,24.0,24.0,24.0,24.0,24.0,24.0,24.0,24.0,24.0,24.0,24.0,24.0,24.0,24.0,24.0
0.52,24.0,24.0,24.0,24.0,24.0,24.0,24.0,24.0,24.0,24.0,24.0,24.0,24.0,24.0,24.0,24.0,24.0,24.0,24.0,24.0,24.0,24.0,24.0,24.0,24.0,24.0,24.0,24.0,24.0,24.0,24.0,24.0,24.0,24.0,24.0,24.0,24.0,5.25,4.75,4.5,4.25,4.0,3.75,3.75,3.5,4.0,24.0,24.0,24.0,24.0,24.0,24.0,24.0,24.0,24.0,24.0,24.0,24.0,24.0,24.0,24.0,24.0,24.0,24.0,24.0,24.0,24.0,24.0,24.0,24.0,24.0,24.0,24.0,24.0,24.0,24.0,24.0,24.0,24.0,24.0,24.0,24.0,24.0,24.0,24.0,24.0,24.0,24.0,24.0,24.0,24.0,24.0,24.0,24.0,24.0,24.0
0.54,24.0,24.0,24.0,24.0,24.0,24.0,24.0,24.0,24.0,24.0,24.0,24.0,24.0,24.0,24.0,24.0,24.0,24.0,24.0,24.0,24.0,24.0,24.0,24.0,24.0,24.0,24.0,8.5,8.25,24.0,24.0,24.0,24.0,24.0,6.25,5.5,5.0,4.5,4.0,3.75,3.5,3.5,3.25,3.0,3.0,3.0,3.0,3.0,24.0,24.0,24.0,24.0,24.0,24.0,24.0,24.0,24.0,24.0,24.0,24.0,24.0,24.0,24.0,24.0,24.0,24.0,24.0,24.0,24.0,24.0,24.0,24.0,24.0,24.0,24.0,24.0,24.0,24.0,24.0,24.0,24.0,24.0,24.0,24.0,24.0,24.0,24.0,24.0,24.0,24.0,24.0,24.0,24.0,24.0,24.0,24.0
0.56,24.0,24.0,24.0,24.0,24.0,13.5,13.25,13.75,24.0,24.0,24.0,24.0,24.0,24.0,24.0,24.0,24.0,24.0,24.0,24.0,24.0,24.0,9.5,9.0,8.5,8.0,7.75,7.25,7.0,6.75,6.75,6.5,6.25,6.0,5.5,5.0,4.5,4.0,3.75,3.5,3.25,3.0,3.0,2.75,2.75,2.75,2.75,2.5,2.75,2.75,24.0,24.0,24.0,24.0,24.0,24.0,24.0,24.0,24.0,24.0,24.0,24.0,24.0,24.0,24.0,24.0,24.0,24.0,24.0,24.0,24.0,24.0,24.0,24.0,24.0,24.0,24.0,24.0,24.0,24.0,24.0,24.0,24.0,24.0,24.0,24.0,24.0,24.0,24.0,24.0,24.0,24.0,24.0,24.0,24.0,24.0
0.58,24.0,24.0,14.5,13.5,12.75,12.0,11.75,11.75,12.0,12.0,12.0,12.0,12.25,24.0,24.0,24.0,24.0,11.25,10.5,9.75,9.25,8.75,8.25,8.0,7.5,7.25,7.0,6.5,6.25,6.0,6.0,5.75,5.5,5.25,4.75,4.5,4.0,3.75,3.25,3.0,3.0,2.75,2.75,2.5,2.25,2.5,2.25,2.25,2.25,2.25,2.25,2.5,24.0,24.0,24.0,24.0,24.0,24.0,24.0,24.0,24.0,24.0,24.0,24.0,24.0,24.0,24.0,24.0,24.0,24.0,24.0,24.0,24.0,24.0,24.0,24.0,24.0,24.0,24.0,24.0,24.0,24.0,24.0,24.0,24.0,24.0,24.0,24.0,24.0,24.0,24.0,24.0,24.0,24.0,24.0,24.0
0.6,14.25,14.0,13.0,12.25,11.75,11.25,11.0,11.0,11.0,11.0,10.75,10.75,10.75,10.75,10.75,10.5,10.25,9.75,9.25,8.75,8.25,8.0,7.75,7.25,7.0,6.75,6.25,6.0,5.75,5.5,5.5,5.25,5.0,4.75,4.5,4.0,3.75,3.5,3.0,3.0,2.75,2.5,2.5,2.25,2.25,2.25,2.0,2.0,2.0,2.0,2.0,2.0,2.25,24.0,24.0,24.0,24.0,24.0,24.0,24.0,24.0,24.0,24.0,24.0,24.0,24.0,24.0,24.0,24.0,24.0,24.0,24.0,21.75,21.0,20.5,20.25,20.25,20.5,24.0,24.0,24.0,24.0,24.0,24.0,24.0,24.0,24.0,24.0,24.0,24.0,24.0,24.0,24.0,24.0,24.0,24.0
0.62,13.0,12.75,12.0,11.5,10.75,10.25,10.0,10.0,10.25,10.0,10.0,10.0,10.0,10.0,9.75,9.75,9.25,9.0,8.75,8.25,7.75,7.5,7.0,6.75,6.5,6.25,6.0,5.5,5.25,5.25,5.0,5.0,4.75,4.5,4.25,3.75,3.5,3.25,2.75,2.75,2.5,2.25,2.25,2.0,2.0,2.0,2.0,1.75,1.75,1.75,1.75,1.75,1.75,2.0,2.75,6.75,22.5,22.5,22.75,22.75,22.75,23.0,23.0,23.0,23.0,22.75,22.5,22.0,21.5,20.75,20.25,20.0,19.5,19.0,18.75,18.5,18.25,18.25,18.25,18.25,18.25,18.25,18.25,18.0,17.75,17.5,17.25,17.0,16.5,16.0,15.75,15.25,15.0,15.0,14.75,14.5
0.64,12.0,12.0,11.25,10.5,10.0,9.25,9.0,9.25,9.25,9.5,9.5,9.5,9.25,9.25,9.25,9.0,8.75,8.5,8.0,7.75,7.25,7.0,6.75,6.25,6.0,5.75,5.5,5.25,5.0,4.75,4.75,4.5,4.5,4.25,4.0,3.5,3.25,3.0,2.75,2.5,2.25,2.25,2.0,2.0,1.75,1.75,1.75,1.75,1.75,1.75,1.75,1.75,1.75,1.75,2.0,3.0,5.25,7.25,9.5,21.0,21.0,21.25,21.25,21.25,21.25,21.0,20.75,20.25,19.75,19.25,18.75,18.5,18.0,17.75,17.25,17.0,17.0,17.0,17.0,16.75,16.75,16.75,16.75,16.5,16.25,16.0,16.0,15.5,15.25,14.75,14.5,14.25,14.0,13.75,13.5,13.25
0.66,11.25,11.0,10.25,9.5,8.5,4.75,7.5,8.0,8.5,8.5,8.75,8.75,8.75,8.75,8.5,8.5,8.25,8.0,7.5,7.25,6.75,6.5,6.25,5.75,5.5,5.25,5.0,4.75,4.5,4.5,4.5,4.25,4.0,4.0,3.75,3.25,3.0,2.75,2.5,2.25,2.25,2.0,2.0,1.75,1.75,1.75,1.75,1.5,1.5,1.5,1.5,1.5,1.5,1.5,1.75,2.0,3.25,5.0,6.25,7.5,8.75,19.25,19.5,19.75,19.5,19.5,19.25,18.75,18.25,17.75,17.25,16.75,7.75,6.25,5.5,5.25,6.75,15.5,15.5,15.5,15.5,15.5,15.5,15.5,15.25,15.0,14.75,14.5,14.25,13.75,13.5,13.25,13.0,12.75,12.5,12.5
0.68,10.25,10.0,8.75,7.75,4.0,2.25,2.75,4.75,7.0,7.5,7.75,8.0,8.0,8.0,8.0,8.0,7.75,7.5,7.0,6.75,6.25,6.0,5.75,5.5,5.25,5.0,4.75,4.5,4.25,4.25,4.0,4.0,3.75,3.75,3.5,3.0,2.75,2.5,2.25,2.25,2.0,2.0,1.75,1.75,1.5,1.5,1.5,1.5,1.5,1.5,1.5,1.5,1.5,1.5,1.5,1.75,2.25,3.75,4.75,5.5,6.5,7.5,8.5,9.75,11.25,12.75,12.0,10.0,8.5,7.25,6.0,5.25,4.75,4.0,3.75,3.5,4.0,5.25,6.25,8.0,14.0,14.25,14.25,14.25,14.0,14.0,13.75,13.5,13.25,12.75,12.5,12.25,12.0,11.75,11.75,11.5
0.7,9.0,8.75,5.75,4.0,2.75,1.25,1.75,3.0,4.25,6.25,6.75,7.25,7.5,7.5,7.5,7.25,7.25,6.75,6.5,6.25,5.75,5.5,5.25,5.0,4.75,4.5,4.25,4.0,4.0,4.0,3.75,3.75,3.5,3.5,3.25,3.0,2.5,2.25,2.25,2.0,2.0,1.75,1.75,1.5,1.5,1.5,1.5,1.5,1.25,1.25,1.25,1.25,1.25,1.25,1.25,1.5,1.75,2.75,3.75,4.5,5.25,6.0,6.5,7.25,7.75,8.0,7.75,7.0,6.25,5.25,4.75,4.25,3.75,3.25,3.0,2.75,3.25,3.75,4.25,5.0,6.0,7.5,8.75,9.75,11.75,11.75,12.0,11.75,11.25,10.75,10.25,10.25,10.0,10.25,10.5,10.25
0.72,6.75,6.0,4.25,3.0,2.0,1.0,1.25,2.25,3.0,4.0,5.5,6.25,6.5,6.75,6.75,6.75,6.5,6.25,6.0,5.5,5.25,5.0,4.75,4.5,4.25,4.0,4.0,3.75,3.5,3.5,3.5,3.5,3.25,3.25,3.0,2.75,2.5,2.25,2.0,1.75,1.75,1.75,1.5,1.5,1.5,1.5,1.25,1.25,1.25,1.25,1.25,1.25,1.25,1.25,1.25,1.25,1.5,2.25,3.0,3.75,4.5,5.0,5.5,6.0,6.25,6.25,6.0,5.5,5.0,4.5,3.75,3.5,3.0,2.75,2.5,2.25,2.5,3.0,3.5,4.0,4.5,5.25,5.75,6.0,6.25,6.5,6.75,6.75,6.25,5.5,5.0,5.0,5.25,5.75,6.25,6.5
0.74,5.0,4.5,3.25,2.5,1.5,0.75,1.0,1.75,2.5,3.25,4.0,5.0,5.75,6.0,6.0,6.0,6.0,5.75,5.5,5.0,4.5,4.25,4.25,4.0,3.75,3.75,3.5,3.25,3.25,3.25,3.25,3.25,3.0,3.0,2.75,2.5,2.25,2.0,1.75,1.75,1.75,1.5,1.5,1.5,1.25,1.25,1.25,1.25,1.25,1.25,1.25,1.25,1.25,1.25,1.25,1.25,1.5,1.75,2.5,3.25,3.75,4.25,4.75,5.0,5.25,5.25,5.25,4.75,4.25,3.75,3.25,3.0,2.5,2.25,2.0,2.0,2.25,2.5,3.0,3.25,3.75,4.25,4.5,4.75,4.75,4.75,5.0,4.75,4.5,4.25,3.75,3.75,3.75,4.0,4.25,4.5
0.76,4.25,3.75,2.75,2.0,1.25,0.75,0.75,1.5,2.0,2.5,3.25,3.75,4.5,5.25,5.5,5.25,5.25,5.0,4.75,4.5,4.0,4.0,3.75,3.5,3.25,3.25,3.0,3.0,3.0,3.0,3.0,3.0,3.0,2.75,2.5,2.25,2.25,2.0,1.75,1.75,1.5,1.5,1.5,1.25,1.25,1.25,1.25,1.25,1.25,1.0,1.0,1.0,1.0,1.0,1.0,1.0,1.25,1.5,2.25,2.75,3.25,3.75,4.0,4.5,4.75,4.75,4.5,4.25,3.75,3.25,3.0,2.5,2.25,2.0,1.75,1.75,2.0,2.25,2.5,2.75,3.25,3.5,4.0,4.0,4.0,4.0,4.25,4.0,3.75,3.5,3.25,3.0,3.0,3.25,3.5,3.5
0.78,3.75,3.25,2.25,1.75,1.0,0.5,0.75,1.25,1.75,2.25,2.75,3.25,3.75,4.25,4.75,4.75,4.75,4.5,4.25,4.0,3.75,3.5,3.25,3.25,3.0,3.0,2.75,2.75,2.75,2.75,2.75,2.75,2.75,2.5,2.5,2.25,2.0,1.75,1.5,1.5,1.5,1.5,1.25,1.25,1.25,1.25,1.25,1.0,1.0,1.0,1.0,1.0,1.0,1.0,1.0,1.0,1.25,1.5,2.0,2.25,3.0,3.25,3.75,4.0,4.25,4.25,4.0,3.75,3.25,3.0,2.5,2.25,2.0,1.75,1.5,1.5,1.75,2.0,2.25,2.5,2.75,3.0,3.25,3.5,3.5,3.5,3.5,3.5,3.25,3.0,2.75,2.75,2.75,2.75,2.75,2.75
0.8,3.25,2.75,2.0,1.5,1.0,0.5,0.5,1.0,1.5,2.0,2.25,2.75,3.25,3.75,4.0,4.25,4.25,4.0,4.0,3.5,3.25,3.0,3.0,2.75,2.75,2.75,2.5,2.5,2.5,2.5,2.5,2.5,2.5,2.5,2.25,2.0,1.75,1.75,1.5,1.5,1.5,1.25,1.25,1.25,1.25,1.25,1.0,1.0,1.0,1.0,1.0,1.0,1.0,1.0,1.0,1.0,1.0,1.25,1.75,2.0,2.5,3.0,3.25,3.5,3.75,3.75,3.75,3.25,3.0,2.75,2.25,2.0,1.75,1.5,1.5,1.25,1.5,1.75,2.0,2.25,2.5,2.75,3.0,3.0,3.0,3.0,3.25,3.0,2.75,2.5,2.25,2.25,2.25,2.5,2.5,2.5
0.82,2.75,2.5,1.75,1.25,0.75,0.5,0.5,1.0,1.25,1.75,2.0,2.5,2.75,3.25,3.5,3.5,3.75,3.5,3.5,3.0,2.75,2.75,2.75,2.5,2.5,2.5,2.25,2.25,2.25,2.25,2.25,2.25,2.25,2.25,2.0,2.0,1.75,1.5,1.5,1.5,1.25,1.25,1.25,1.25,1.0,1.0,1.0,1.0,1.0,1.0,1.0,1.0,0.75,0.75,0.75,1.0,1.0,1.25,1.5,1.75,2.25,2.75,3.0,3.25,3.5,3.5,3.25,3.0,2.75,2.5,2.0,1.75,1.75,1.5,1.25,1.25,1.25,1.5,1.75,2.0,2.25,2.5,2.75,2.75,2.75,2.75,2.75,2.75,2.5,2.25,2.0,2.0,2.0,2.0,2.25,2.25
0.84,2.5,2.25,1.5,1.25,0.75,0.25,0.5,0.75,1.25,1.5,1.75,2.25,2.5,2.75,3.0,3.25,3.25,3.0,3.0,2.75,2.5,2.25,2.25,2.25,2.25,2.25,2.0,2.0,2.0,2.0,2.25,2.25,2.25,2.25,2.0,1.75,1.75,1.5,1.25,1.25,1.25,1.25,1.25,1.0,1.0,1.0,1.0,1.0,1.0,1.0,0.75,0.75,0.75,0.75,0.75,0.75,1.0,1.0,1.5,1.75,2.0,2.5,2.75,3.0,3.0,3.25,3.0,2.75,2.5,2.25,2.0,1.75,1.5,1.25,1.25,1.0,1.25,1.5,1.5,1.75,2.0,2.25,2.5,2.5,2.5,2.5,2.5,2.5,2.25,2.0,2.0,1.75,1.75,2.0,2.0,2.0
0.86,2.25,2.0,1.5,1.0,0.75,0.25,0.5,0.75,1.0,1.5,1.75,2.0,2.25,2.5,2.75,2.75,2.75,2.75,2.5,2.5,2.25,2.0,2.0,2.0,2.0,2.0,2.0,1.75,1.75,2.0,2.0,2.0,2.0,2.0,1.75,1.75,1.5,1.25,1.25,1.25,1.25,1.25,1.0,1.0,1.0,1.0,1.0,1.0,1.0,0.75,0.75,0.75,0.75,0.75,0.75,0.75,1.0,1.0,1.25,1.5,1.75,2.25,2.5,2.75,2.75,3.0,2.75,2.5,2.25,2.0,1.75,1.5,1.5,1.25,1.0,1.0,1.25,1.25,1.5,1.75,1.75,2.0,2.25,2.25,2.25,2.25,2.25,2.25,2.0,1.75,1.75,1.75,1.75,1.75,1.75,1.75
0.88,2.0,1.75,1.25,1.0,0.5,0.25,0.25,0.75,1.0,1.25,1.5,1.75,2.0,2.25,2.5,2.5,2.5,2.5,2.25,2.25,2.0,1.75,1.75,1.75,1.75,1.75,1.75,1.75,1.75,1.75,1.75,2.0,2.0,2.0,1.75,1.5,1.5,1.25,1.25,1.25,1.0,1.0,1.0,1.0,1.0,1.0,1.0,1.0,0.75,0.75,0.75,0.75,0.75,0.75,0.75,0.75,0.75,1.0,1.25,1.5,1.75,2.0,2.25,2.5,2.75,2.75,2.5,2.25,2.0,1.75,1.5,1.5,1.25,1.0,1.0,1.0,1.0,1.25,1.25,1.5,1.75,2.0,2.0,2.0,2.0,2.0,2.0,2.0,1.75,1.75,1.5,1.5,1.5,1.5,1.5,1.5
0.9,2.0,1.75,1.25,0.75,0.5,0.25,0.25,0.5,0.75,1.0,1.5,1.75,1.75,2.0,2.25,2.25,2.25,2.25,2.25,2.0,1.75,1.75,1.75,1.5,1.5,1.5,1.5,1.5,1.5,1.75,1.75,1.75,1.75,1.75,1.5,1.5,1.25,1.25,1.0,1.0,1.0,1.0,1.0,1.0,1.0,1.0,1.0,0.75,0.75,0.75,0.75,0.75,0.75,0.75,0.75,0.75,0.75,1.0,1.0,1.25,1.5,1.75,2.0,2.25,2.5,2.5,2.5,2.25,2.0,1.75,1.5,1.25,1.25,1.0,1.0,0.75,1.0,1.25,1.25,1.5,1.5,1.75,1.75,2.0,2.0,2.0,2.0,1.75,1.75,1.5,1.5,1.5,1.25,1.5,1.5,1.5
0.92,1.75,1.5,1.0,0.75,0.5,0.25,0.25,0.5,0.75,1.0,1.25,1.5,1.75,2.0,2.0,2.25,2.25,2.0,2.0,1.75,1.5,1.5,1.5,1.5,1.5,1.5,1.5,1.5,1.5,1.5,1.5,1.75,1.75,1.75,1.5,1.5,1.25,1.25,1.0,1.0,1.0,1.0,1.0,1.0,1.0,1.0,1.0,0.75,0.75,0.75,0.75,0.75,0.75,0.75,0.75,0.75,0.75,1.0,1.0,1.25,1.5,1.75,2.0,2.25,2.25,2.25,2.25,2.0,1.75,1.5,1.25,1.25,1.0,1.0,0.75,0.75,1.0,1.0,1.25,1.25,1.5,1.5,1.75,1.75,1.75,1.75,1.75,1.75,1.5,1.5,1.25,1.25,1.25,1.25,1.25,1.25
0.94,1.75,1.5,1.0,0.75,0.5,0.25,0.25,0.5,0.75,1.0,1.25,1.5,1.5,1.75,2.0,2.0,2.0,2.0,1.75,1.75,1.5,1.5,1.5,1.25,1.25,1.25,1.25,1.25,1.5,1.5,1.5,1.5,1.5,1.5,1.5,1.25,1.25,1.0,1.0,1.0,1.0,1.0,1.0,1.0,1.0,1.0,0.75,0.75,0.75,0.75,0.75,0.75,0.75,0.75,0.75,0.75,0.75,1.0,1.0,1.25,1.5,1.5,1.75,2.0,2.0,2.25,2.0,2.0,1.75,1.5,1.25,1.25,1.0,1.0,0.75,0.75,0.75,1.0,1.25,1.25,1.5,1.5,1.5,1.75,1.75,1.5,1.75,1.5,1.5,1.25,1.25,1.25,1.25,1.25,1.25,1.25
0.96,1.5,1.5,1.0,0.75,0.5,0.25,0.25,0.5,0.75,1.0,1.25,1.25,1.5,1.75,1.75,1.75,1.75,1.75,1.75,1.5,1.5,1.25,1.25,1.25,1.25,1.25,1.25,1.25,1.25,1.5,1.5,1.5,1.5,1.5,1.5,1.25,1.25,1.0,1.0,1.0,1.0,1.0,1.0,1.0,0.75,0.75,0.75,0.75,0.75,0.75,0.75,0.75,0.75,0.75,0.75,0.75,0.75,0.75,1.0,1.25,1.25,1.5,1.75,2.0,2.0,2.0,2.0,1.75,1.5,1.5,1.25,1.0,1.0,0.75,0.75,0.75,0.75,1.0,1.0,1.25,1.25,1.5,1.5,1.5,1.5,1.5,1.5,1.5,1.5,1.25,1.25,1.25,1.25,1.25,1.25,1.25
0.98,1.5,1.25,1.0,0.75,0.5,0.25,0.25,0.5,0.75,1.0,1.0,1.25,1.5,1.5,1.75,1.75,1.75,1.75,1.5,1.5,1.25,1.25,1.25,1.25,1.25,1.25,1.25,1.25,1.25,1.25,1.5,1.5,1.5,1.5,1.25,1.25,1.25,1.0,1.0,1.0,1.0,1.0,1.0,0.75,0.75,0.75,0.75,0.75,0.75,0.75,0.75,0.75,0.75,0.75,0.75,0.75,0.75,0.75,1.0,1.0,1.25,1.5,1.75,1.75,2.0,2.0,1.75,1.75,1.5,1.25,1.25,1.0,1.0,0.75,0.75,0.75,0.75,1.0,1.0,1.0,1.25,1.5,1.5,1.5,1.5,1.5,1.5,1.5,1.25,1.25,1.0,1.0,1.0,1.0,1.25,1.25
1.0,1.5,1.25,1.0,0.75,0.5,0.25,0.25,0.5,0.75,0.75,1.0,1.25,1.5,1.5,1.75,1.75,1.75,1.5,1.5,1.5,1.25,1.25,1.25,1.0,1.0,1.0,1.0,1.0,1.25,1.25,1.25,1.25,1.25,1.25,1.25,1.25,1.0,1.0,1.0,1.0,1.0,1.0,0.75,0.75,0.75,0.75,0.75,0.75,0.75,0.75,0.75,0.75,0.75,0.75,0.75,0.75,0.75,0.75,1.0,1.0,1.25,1.5,1.5,1.75,1.75,1.75,1.75,1.75,1.5,1.25,1.25,1.0,1.0,0.75,0.75,0.75,0.75,1.0,1.0,1.0,1.25,1.25,1.5,1.5,1.5,1.5,1.5,1.5,1.25,1.25,1.0,1.0,1.0,1.0,1.0,1.0
